1 10
100 200
201 210
900 1000
700000 700000
750000 750000
800000 800000
850000 850000
950000 950000
999999 999999
830001 840000
945 728
654 119
193 873
4984 4984
51618 51618
16518 16518
999 999
1234 1234
421991 423591
584521 587554
7482 7506
8675 8728
214 548
300 660
204 761
6028 6057
681139 683815
5678 5678
2344 23488
432 23
4 3982 
4389 894372
32843 490
1 1
3 1
2122 247161
71384 71384
127538 127538
252 252
500051 550050
937548 937548
2728 545584
829391 829391
1252 226957
77585 77584
299550 299549
998 906048
550051 600050
918 918
3 8
54 10
8 1
100 10
35 88
83 100
1000 10
305 578
576 600
244 302
10000 10
217635 218144
3910 102894
806 849
25637 69200
67 124 119
27288 102618
88562 92572
62643 99225
262143 262143
802586 957072
92039 675608
658506 714076
502521 983572
131073 131073
476601 9137
9997 10012
746211 861708
318713 202178
75656 6334
43 214324
591 325
64789 24
457 345982
579 145892
999999 1
35 33
234 666
3 47
35 88
14 5
5674 5732
6643 6423
400000 500000
193433 194445
6157 6232
22087 60105
19 27
43460 65225
34275 104374
500000 600000
68334 432
6986 543902
7 22345
90 23487
549722 30
9 435789
396 4389